[source]

Abscissa: -2.008333
Ordinate: 48.0583333
Altitude: 8.

Species: PMCH

Velocity: 47.6
Temperature: 84.1
Diameter: 0.025

Type: continuous
# Rate: [quantity / duration]
Rate: 7981220657.277
Date_beg: 1994-10-23_16-00
Date_end: 1994-10-24_03-50
